0 00000000
0 00000040
0 00000080
0 000000C0
0 00000100
0 00000140
0 00000180
0 000001C0
0 00000200
0 00000240
0 00000280
0 000002C0
0 00000300
0 00000340
0 00000380
0 000003C0
0 00000400
0 00000440
0 00000480
0 000004C0
0 00000500
0 00000540
0 00000580
0 000005C0
0 00000600
0 00000640
0 00000680
0 000006C0
0 00000700
0 00000740
0 00000780
0 000007C0
0 00000800
0 00000840
0 00000880
0 000008C0
0 00000900
0 00000940
0 00000980
0 000009C0
0 00000A00
0 00000A40
0 00000A80
0 00000AC0
0 00000B00
0 00000B40
0 00000B80
0 00000BC0
0 00000C00
0 00000C40
0 00000C80
0 00000CC0
0 00000D00
0 00000D40
0 00000D80
0 00000DC0
0 00000E00
0 00000E40
0 00000E80
0 00000EC0
0 00000F00
0 00000F40
0 00000F80
0 00000FC0
0 00001000
0 00001040
0 00001080
0 000010C0
0 00001100
0 00001140
0 00001180
0 000011C0
0 00001200
0 00001240
0 00001280
0 000012C0
0 00001300
0 00001340
0 00001380
0 000013C0
0 00001400
0 00001440
0 00001480
0 000014C0
0 00001500
0 00001540
0 00001580
0 000015C0
0 00001600
0 00001640
0 00001680
0 000016C0
0 00001700
0 00001740
0 00001780
0 000017C0
0 00001800
0 00001840
0 00001880
0 000018C0
