0 00000000
1 00000040
0 00000080
1 000000C0
0 00000100
1 00000140
0 00000180
1 000001C0
0 00000200
1 00000240
0 00000280
1 000002C0
0 00000300
1 00000340
0 00000380
1 000003C0
0 00000400
1 00000440
0 00000480
1 000004C0
0 00000500
1 00000540
0 00000580
1 000005C0
0 00000600
1 00000640
0 00000680
1 000006C0
0 00000700
1 00000740
0 00000780
1 000007C0
0 00000800
1 00000840
0 00000880
1 000008C0
0 00000900
1 00000940
0 00000980
1 000009C0
0 00000A00
1 00000A40
0 00000A80
1 00000AC0
0 00000B00
1 00000B40
0 00000B80
1 00000BC0
0 00000C00
1 00000C40
0 00000C80
1 00000CC0
0 00000D00
1 00000D40
0 00000D80
1 00000DC0
0 00000E00
1 00000E40
0 00000E80
1 00000EC0
0 00000F00
1 00000F40
0 00000F80
1 00000FC0
0 00001000
1 00001040
0 00001080
1 000010C0
0 00001100
1 00001140
0 00001180
1 000011C0
0 00001200
1 00001240
0 00001280
1 000012C0
0 00001300
1 00001340
0 00001380
1 000013C0
0 00001400
1 00001440
0 00001480
1 000014C0
0 00001500
1 00001540
0 00001580
1 000015C0
0 00001600
1 00001640
0 00001680
1 000016C0
0 00001700
1 00001740
0 00001780
1 000017C0
0 00001800
1 00001840
0 00001880
1 000018C0
