0 00000088
1 00000090
1 0000001C
0 000000CC
1 00000080
1 000000CC
0 00000004
1 0000011C
1 0000000C
0 00000014
1 00000004
1 000000A0
0 00000048
1 0000002C
1 00000098
0 00000118
1 00000078
1 00000088
0 0000008C
1 000000FC
1 00000110
0 0000011C
1 000000EC
1 00000018
0 00000064
1 00000034
1 000000B0
0 0000005C
1 00000060
1 0000012C
0 00000050
1 00000120
1 00000104
0 000000E4
1 000000C4
1 00000024
0 0000003C
1 00000000
1 000000B0
0 00000118
1 0000004C
1 000000D4
0 00000064
1 000000C4
1 0000009C
0 000000F0
1 00000060
1 000000D8
0 000000A4
1 00000024
1 000000DC
0 0000008C
1 000000C8
1 00000048
0 00000130
1 00000068
1 000000D4
0 0000009C
1 0000013C
1 000000E8
0 0000004C
1 000000D8
1 00000024
0 00000040
1 00000004
1 000000F8
0 0000011C
1 00000008
1 00000024
0 00000058
1 000000C0
1 00000138
0 000000CC
1 00000040
1 00000114
0 00000074
1 00000068
1 000000B8
0 000000C8
1 0000011C
1 00000058
0 00000104
1 000000DC
1 000000D4
0 00000080
1 00000070
1 000000DC
0 000000B0
1 000000DC
1 00000060
0 0000007C
1 00000080
1 00000128
0 00000084
1 00000030
1 000000A0
0 00000124
1 00000068
1 00000008
0 00000020
