0 00000000
0 00000004
0 00000008
0 0000000C
0 00000010
0 00000014
0 00000018
0 0000001C
0 00000020
0 00000024
0 00000028
0 0000002C
0 00000030
0 00000034
0 00000038
0 0000003C
0 00000040
0 00000044
0 00000048
0 0000004C
0 00000050
0 00000054
0 00000058
0 0000005C
0 00000060
0 00000064
0 00000068
0 0000006C
0 00000070
0 00000074
0 00000078
0 0000007C
0 00000080
0 00000084
0 00000088
0 0000008C
0 00000090
0 00000094
0 00000098
0 0000009C
0 000000A0
0 000000A4
0 000000A8
0 000000AC
0 000000B0
0 000000B4
0 000000B8
0 000000BC
0 000000C0
0 000000C4
0 000000C8
0 000000CC
0 000000D0
0 000000D4
0 000000D8
0 000000DC
0 000000E0
0 000000E4
0 000000E8
0 000000EC
0 000000F0
0 000000F4
0 000000F8
0 000000FC
0 00000100
0 00000104
0 00000108
0 0000010C
0 00000110
0 00000114
0 00000118
0 0000011C
0 00000120
0 00000124
0 00000128
0 0000012C
0 00000130
0 00000134
0 00000138
0 0000013C
0 00000140
0 00000144
0 00000148
0 0000014C
0 00000150
0 00000154
0 00000158
0 0000015C
0 00000160
0 00000164
0 00000168
0 0000016C
0 00000170
0 00000174
0 00000178
0 0000017C
0 00000180
0 00000184
0 00000188
0 0000018C
